
       0.000000     4.000000
       0.010000     4.120000
       0.020000     4.239020
       0.030000     4.357060
       0.040000     4.474120
       0.050000     4.590200
       0.060000     4.705300
       0.070000     4.819420
       0.080000     4.932560
       0.090000     5.044720
       0.100000     5.155900
       0.110000     5.266100
       0.120000     5.375320
       0.130000     5.483560
       0.140000     5.590820
       0.150000     5.697100
       0.160000     5.802400
       0.170000     5.906720
       0.180000     6.010060
       0.190000     6.112420
       0.200000     6.213800
       0.210000     6.314200
       0.220000     6.413620
       0.230000     6.512060
       0.240000     6.609520
       0.250000     6.706000
       0.260000     6.801500
       0.270000     6.896020
       0.280000     6.989560
       0.290000     7.082120
       0.300000     7.173700
       0.310000     7.264300
       0.320000     7.353920
       0.330000     7.442560
       0.340000     7.530220
       0.350000     7.616900
       0.360000     7.702600
       0.370000     7.787320
       0.380000     7.871060
       0.390000     7.953820
       0.400000     8.035600
       0.410000     8.116400
       0.420000     8.196220
       0.430000     8.275060
       0.440000     8.352920
       0.450000     8.429800
       0.460000     8.505700
       0.470000     8.580620
       0.480000     8.654560
       0.490000     8.727520
       0.500000     8.799500
       0.510000     8.870500
       0.520000     8.940520
       0.530000     9.009560
       0.540000     9.077620
       0.550000     9.144700
       0.560000     9.210800
       0.570000     9.275920
       0.580000     9.340060
       0.590000     9.403220
       0.600000     9.465400
       0.610000     9.526600
       0.620000     9.586820
       0.630000     9.646060
       0.640000     9.704320
       0.650000     9.761600
       0.660000     9.817900
       0.670000     9.873220
       0.680000     9.927560
       0.690000     9.980920
       0.700000    10.033300
       0.710000    10.084700
       0.720000    10.135120
       0.730000    10.184560
       0.740000    10.233020
       0.750000    10.280500
       0.760000    10.327000
       0.770000    10.372520
       0.780000    10.417060
       0.790000    10.460620
       0.800000    10.503200
       0.810000    10.544800
       0.820000    10.585420
       0.830000    10.625060
       0.840000    10.663720
       0.850000    10.701400
       0.860000    10.738100
       0.870000    10.773820
       0.880000    10.808560
       0.890000    10.842320
       0.900000    10.875100
       0.910000    10.906900
       0.920000    10.937720
       0.930000    10.967560
       0.940000    10.996420
       0.950000    11.024300
       0.960000    11.051200
       0.970000    11.077120
       0.980000    11.102060
       0.990000    11.126020
       1.000000    11.149000
       1.010000    11.171000
       1.020000    11.192020
       1.030000    11.212060
       1.040000    11.231120
       1.050000    11.249200
       1.060000    11.266300
       1.070000    11.282420
       1.080000    11.297560
       1.090000    11.311720
       1.100000    11.324900
       1.110000    11.337100
       1.120000    11.348320
       1.130000    11.358560
       1.140000    11.367820
       1.150000    11.376100
       1.160000    11.383400
       1.170000    11.389720
       1.180000    11.395060
       1.190000    11.399420
       1.200000    11.402800
       1.210000    11.405200
       1.220000    11.406620
       1.230000    11.407060
       1.240000    11.406520
       1.250000    11.405000
       1.260000    11.402500
       1.270000    11.399020
       1.280000    11.394560
       1.290000    11.389120
       1.300000    11.382700
       1.310000    11.375300
       1.320000    11.366920
       1.330000    11.357560
       1.340000    11.347220
       1.350000    11.335900
       1.360000    11.323600
       1.370000    11.310320
       1.380000    11.296060
       1.390000    11.280820
       1.400000    11.264600
       1.410000    11.247400
       1.420000    11.229220
       1.430000    11.210060
       1.440000    11.189920
       1.450000    11.168800
       1.460000    11.146700
       1.470000    11.123620
       1.480000    11.099560
       1.490000    11.074520
       1.500000    11.048500
       1.510000    11.021500
       1.520000    10.993520
       1.530000    10.964560
       1.540000    10.934620
       1.550000    10.903700
       1.560000    10.871800
       1.570000    10.838920
       1.580000    10.805060
       1.590000    10.770220
       1.600000    10.734400
       1.610000    10.697600
       1.620000    10.659820
       1.630000    10.621060
       1.640000    10.581320
       1.650000    10.540600
       1.660000    10.498900
       1.670000    10.456220
       1.680000    10.412560
       1.690000    10.367920
       1.700000    10.322300
       1.710000    10.275700
       1.720000    10.228120
       1.730000    10.179560
       1.740000    10.130020
       1.750000    10.079500
       1.760000    10.028000
       1.770000     9.975520
       1.780000     9.922060
       1.790000     9.867620
       1.800000     9.812200
       1.810000     9.755800
       1.820000     9.698420
       1.830000     9.640060
       1.840000     9.580720
       1.850000     9.520400
       1.860000     9.459100
       1.870000     9.396820
       1.880000     9.333560
       1.890000     9.269320
       1.900000     9.204100
       1.910000     9.137900
       1.920000     9.070720
       1.930000     9.002560
       1.940000     8.933420
       1.950000     8.863300
       1.960000     8.792200
       1.970000     8.720120
       1.980000     8.647060
       1.990000     8.573020
       2.000000     8.498000
       2.010000     8.422000
       2.020000     8.345020
       2.030000     8.267060
       2.040000     8.188120
       2.050000     8.108200
       2.060000     8.027300
       2.070000     7.945420
       2.080000     7.862560
       2.090000     7.778720
       2.100000     7.693900
       2.110000     7.608100
       2.120000     7.521320
       2.130000     7.433560
       2.140000     7.344820
       2.150000     7.255100
       2.160000     7.164400
       2.170000     7.072720
       2.180000     6.980060
       2.190000     6.886420
       2.200000     6.791800
       2.210000     6.696200
       2.220000     6.599620
       2.230000     6.502060
       2.240000     6.403520
       2.250000     6.304000
       2.260000     6.203500
       2.270000     6.102020
       2.280000     5.999560
       2.290000     5.896120
       2.300000     5.791700
       2.310000     5.686300
       2.320000     5.579920
       2.330000     5.472560
       2.340000     5.364220
       2.350000     5.254900
       2.360000     5.144600
       2.370000     5.033320
       2.380000     4.921060
       2.390000     4.807820
       2.400000     4.693600
       2.410000     4.578400
       2.420000     4.462220
       2.430000     4.345060
       2.440000     4.226920
       2.450000     4.107800
       2.460000     3.987700
       2.470000     3.866620
       2.480000     3.744560
       2.490000     3.621520
       2.500000     3.497500
       2.510000     3.372500
       2.520000     3.246520
       2.530000     3.119560
       2.540000     2.991620
       2.550000     2.862700
       2.560000     2.732800
       2.570000     2.601920
       2.580000     2.470060
       2.590000     2.337220
       2.600000     2.203400
       2.610000     2.068600
       2.620000     1.932820
       2.630000     1.796060
       2.640000     1.658320
       2.650000     1.519600
       2.660000     1.379900
       2.670000     1.239220
       2.680000     1.097560
       2.690000     0.954920
       2.700000     0.811300
       2.710000     0.666700
       2.720000     0.521120
       2.730000     0.374560
       2.740000     0.227020
       2.750000     0.078500
       2.760000    -0.071000